月份,A00,A0,A,B,C
2025-4月,15.6,12.9,32.0,27.7,11.8
2025-5月,15.8,12.4,31.9,27.6,12.4
2025-6月,14.2,11.9,32.3,32.4,9.2
2025-7月,13.7,12.8,35.2,29.4,8.9
2025-8月,11.9,13.2,35.6,31.4,8.0
2025-9月,13.8,13.7,34.4,30.1,8.0
2025-10月,14.2,13.3,36.6,30.1,5.8
2025-11月,14.1,13.6,36.3,30.4,5.5
2025-12月,10.6,13.8,34.8,33.3,7.5
2026-1月,5.6,15.9,40.8,31.8,5.9
2026-2月,8.5,19.3,39.2,27.3,5.7
2026-3月,8.6,16.5,37.6,30.5,6.9
